current number of threads 1
410
295
296
296
319
327
292
269
269
252
current number of threads 2
867
791
857
999
786
834
803
738
837
812
current number of threads 3
502
500
499
504
499
639
496
502
494
484
current number of threads 4
516
515
472
503
511
514
504
513
509
513
current number of threads 5
526
506
514
511
514
514
641
479
523
495
current number of threads 6
518
515
509
513
515
516
492
522
512
504
current number of threads 7
513
510
493
518
520
491
500
525
657
510
current number of threads 8
530
517
514
510
538
530
520
541
526
520
current number of threads 9
549
526
524
524
528
521
528
523
512
514
current number of threads 10
642
521
524
518
531
520
519
530
545
517
current number of threads 11
573
525
537
548
525
535
523
518
515
516
current number of threads 12
523
525
618
521
537
529
527
541
524
532
current number of threads 13
561
536
501
515
530
512
531
635
544
480
current number of threads 14
516
524
523
516
519
530
532
528
525
516
current number of threads 15
521
522
540
542
557
530
540
658
527
520
current number of threads 16
518
519
498
527
534
583
569
530
528
537
current number of threads 17
535
537
637
539
506
521
497
531
523
524
current number of threads 18
527
521
533
523
523
527
537
526
524
532
current number of threads 19
532
618
515
525
525
530
522
529
531
541
current number of threads 20
520
539
537
619
527
526
517
525
528
528
current number of threads 21
559
535
528
543
519
528
522
531
525
534
current number of threads 22
524
524
529
646
533
527
520
523
528
513
current number of threads 23
528
525
519
536
520
524
547
522
515
524
current number of threads 24
522
525
524
529
528
534
533
633
523
533
current number of threads 25
523
516
516
501
520
526
523
535
522
523
current number of threads 26
520
521
528
523
526
542
517
517
528
541
current number of threads 27
527
534
530
518
531
529
624
520
531
516
current number of threads 28
522
524
511
517
513
522
518
524
518
527
current number of threads 29
526
519
514
513
529
521
532
524
523
529
current number of threads 30
519
524
621
525
518
521
519
537
524
521
current number of threads 31
546
563
528
524
528
521
528
528
522
525
current number of threads 32
525
522
526
519
528
519
526
528
522
519
current number of threads 33
529
521
521
626
522
525
522
522
530
525
current number of threads 34
529
539
528
520
522
524
516
530
523
526
current number of threads 35
533
538
536
521
524
519
512
536
518
537
current number of threads 36
530
518
520
526
631
530
527
520
529
540
current number of threads 37
529
516
523
527
531
527
529
527
530
516
current number of threads 38
539
525
529
543
520
522
523
550
536
543
current number of threads 39
524
583
524
635
516
520
524
526
523
529
current number of threads 40
522
524
527
525
527
517
515
533
540
520

